# Blender v2.69 (sub 0) OBJ File: ''
# www.blender.org
mtllib .obj.mtl
o Curve_Mesh
v 0.000003 0.000000 0.000741
v 0.007031 0.000000 0.000741
v 0.007031 0.000000 0.047905
v 0.007046 0.000000 0.048990
v 0.007092 0.000000 0.050027
v 0.007168 0.000000 0.051017
v 0.007274 0.000000 0.051959
v 0.007411 0.000000 0.052854
v 0.007578 0.000000 0.053700
v 0.007775 0.000000 0.054500
v 0.008003 0.000000 0.055251
v 0.008262 0.000000 0.055955
v 0.008550 0.000000 0.056611
v 0.008870 0.000000 0.057220
v 0.009219 0.000000 0.057781
v 0.009697 0.000000 0.058388
v 0.010233 0.000000 0.058943
v 0.010827 0.000000 0.059445
v 0.011480 0.000000 0.059894
v 0.012192 0.000000 0.060290
v 0.012962 0.000000 0.060633
v 0.013790 0.000000 0.060924
v 0.014677 0.000000 0.061161
v 0.015623 0.000000 0.061346
v 0.016627 0.000000 0.061478
v 0.017689 0.000000 0.061558
v 0.018810 0.000000 0.061584
v 0.021414 0.000000 0.061448
v 0.023932 0.000000 0.061041
v 0.026366 0.000000 0.060362
v 0.028714 0.000000 0.059412
v 0.030978 0.000000 0.058190
v 0.033156 0.000000 0.056697
v 0.035250 0.000000 0.054932
v 0.037258 0.000000 0.052896
v 0.039182 0.000000 0.050588
v 0.041021 0.000000 0.048009
v 0.042774 0.000000 0.045158
v 0.044443 0.000000 0.042036
v 0.044509 0.000000 0.042105
v 0.044698 0.000000 0.042299
v 0.044990 0.000000 0.042601
v 0.045370 0.000000 0.042992
v 0.045819 0.000000 0.043455
v 0.046320 0.000000 0.043972
v 0.046855 0.000000 0.044525
v 0.047409 0.000000 0.045096
v 0.047962 0.000000 0.045667
v 0.048498 0.000000 0.046220
v 0.048999 0.000000 0.046737
v 0.049448 0.000000 0.047200
v 0.048653 0.000000 0.048678
v 0.047813 0.000000 0.050109
v 0.046928 0.000000 0.051493
v 0.045998 0.000000 0.052830
v 0.045022 0.000000 0.054120
v 0.044000 0.000000 0.055363
v 0.042933 0.000000 0.056559
v 0.041821 0.000000 0.057708
v 0.040663 0.000000 0.058809
v 0.039460 0.000000 0.059864
v 0.038212 0.000000 0.060871
v 0.036918 0.000000 0.061832
v 0.035505 0.000000 0.062823
v 0.034075 0.000000 0.063728
v 0.032629 0.000000 0.064546
v 0.031167 0.000000 0.065279
v 0.029689 0.000000 0.065925
v 0.028195 0.000000 0.066486
v 0.026685 0.000000 0.066960
v 0.025159 0.000000 0.067348
v 0.023617 0.000000 0.067649
v 0.022058 0.000000 0.067865
v 0.020484 0.000000 0.067994
v 0.018893 0.000000 0.068037
v 0.015876 0.000000 0.067902
v 0.013121 0.000000 0.067497
v 0.010628 0.000000 0.066821
v 0.008398 0.000000 0.065874
v 0.006431 0.000000 0.064657
v 0.004725 0.000000 0.063170
v 0.003282 0.000000 0.061412
v 0.002102 0.000000 0.059384
v 0.001183 0.000000 0.057085
v 0.000528 0.000000 0.054516
v 0.000134 0.000000 0.051677
v 0.000003 0.000000 0.048566
v 0.000003 0.000000 0.047930
v 0.000003 0.000000 0.046131
v 0.000003 0.000000 0.043336
v 0.000003 0.000000 0.039710
v 0.000003 0.000000 0.035420
v 0.000003 0.000000 0.030632
v 0.000003 0.000000 0.025512
v 0.000003 0.000000 0.020226
v 0.000003 0.000000 0.014939
v 0.000003 0.000000 0.009819
v 0.000003 0.000000 0.005031
v 0.036670 0.000000 0.020829
v 0.035888 0.000000 0.019685
v 0.035114 0.000000 0.018579
v 0.034347 0.000000 0.017511
v 0.033588 0.000000 0.016482
v 0.032836 0.000000 0.015491
v 0.032092 0.000000 0.014539
v 0.031355 0.000000 0.013624
v 0.030626 0.000000 0.012749
v 0.029904 0.000000 0.011912
v 0.029190 0.000000 0.011113
v 0.028484 0.000000 0.010353
v 0.027785 0.000000 0.009631
v 0.027842 0.000000 0.009587
v 0.028004 0.000000 0.009464
v 0.028255 0.000000 0.009273
v 0.028581 0.000000 0.009026
v 0.028966 0.000000 0.008732
v 0.029397 0.000000 0.008405
v 0.029857 0.000000 0.008055
v 0.030332 0.000000 0.007694
v 0.030808 0.000000 0.007333
v 0.031268 0.000000 0.006983
v 0.031698 0.000000 0.006656
v 0.032084 0.000000 0.006363
v 0.032893 0.000000 0.007139
v 0.033695 0.000000 0.007939
v 0.034489 0.000000 0.008761
v 0.035276 0.000000 0.009607
v 0.036055 0.000000 0.010475
v 0.036827 0.000000 0.011366
v 0.037591 0.000000 0.012280
v 0.038348 0.000000 0.013217
v 0.039098 0.000000 0.014176
v 0.039839 0.000000 0.015158
v 0.040574 0.000000 0.016164
v 0.041301 0.000000 0.017192
v 0.041209 0.000000 0.017263
v 0.040958 0.000000 0.017461
v 0.040577 0.000000 0.017760
v 0.040100 0.000000 0.018135
v 0.039559 0.000000 0.018560
v 0.038985 0.000000 0.019011
v 0.038412 0.000000 0.019461
v 0.037871 0.000000 0.019886
v 0.037394 0.000000 0.020261
v 0.037013 0.000000 0.020560
v 0.036761 0.000000 0.020758
v 0.045231 0.000000 0.014216
v 0.044503 0.000000 0.013156
v 0.043767 0.000000 0.012126
v 0.043023 0.000000 0.011126
v 0.042271 0.000000 0.010156
v 0.041511 0.000000 0.009216
v 0.040743 0.000000 0.008305
v 0.039968 0.000000 0.007425
v 0.039184 0.000000 0.006574
v 0.038392 0.000000 0.005753
v 0.037593 0.000000 0.004962
v 0.036786 0.000000 0.004201
v 0.035970 0.000000 0.003469
v 0.036027 0.000000 0.003423
v 0.036187 0.000000 0.003292
v 0.036436 0.000000 0.003089
v 0.036758 0.000000 0.002826
v 0.037140 0.000000 0.002515
v 0.037566 0.000000 0.002167
v 0.038022 0.000000 0.001795
v 0.038492 0.000000 0.001412
v 0.038962 0.000000 0.001028
v 0.039418 0.000000 0.000656
v 0.039844 0.000000 0.000309
v 0.040226 0.000000 -0.000003
v 0.041120 0.000000 0.000777
v 0.041998 0.000000 0.001575
v 0.042860 0.000000 0.002389
v 0.043704 0.000000 0.003221
v 0.044532 0.000000 0.004070
v 0.045344 0.000000 0.004937
v 0.046138 0.000000 0.005820
v 0.046916 0.000000 0.006721
v 0.047678 0.000000 0.007639
v 0.048422 0.000000 0.008574
v 0.049150 0.000000 0.009526
v 0.049861 0.000000 0.010496
v 0.049770 0.000000 0.010569
v 0.049518 0.000000 0.010771
v 0.049138 0.000000 0.011077
v 0.048661 0.000000 0.011460
v 0.048119 0.000000 0.011895
v 0.047546 0.000000 0.012356
v 0.046973 0.000000 0.012817
v 0.046431 0.000000 0.013252
v 0.045954 0.000000 0.013635
v 0.045574 0.000000 0.013940
v 0.045322 0.000000 0.014143
v 0.071480 0.000000 0.018349
v 0.071064 0.000000 0.020398
v 0.070682 0.000000 0.022410
v 0.070334 0.000000 0.024387
v 0.070020 0.000000 0.026327
v 0.069741 0.000000 0.028231
v 0.069497 0.000000 0.030099
v 0.069287 0.000000 0.031931
v 0.069111 0.000000 0.033727
v 0.068970 0.000000 0.035486
v 0.068863 0.000000 0.037210
v 0.068790 0.000000 0.038897
v 0.068752 0.000000 0.040548
v 0.070019 0.000000 0.038039
v 0.071409 0.000000 0.035708
v 0.072921 0.000000 0.033554
v 0.074555 0.000000 0.031577
v 0.076311 0.000000 0.029778
v 0.078190 0.000000 0.028156
v 0.080191 0.000000 0.026712
v 0.082314 0.000000 0.025445
v 0.084560 0.000000 0.024356
v 0.086928 0.000000 0.023444
v 0.089418 0.000000 0.022709
v 0.092030 0.000000 0.022152
v 0.092029 0.000000 0.022133
v 0.092026 0.000000 0.022078
v 0.092021 0.000000 0.021994
v 0.092015 0.000000 0.021885
v 0.092007 0.000000 0.021755
v 0.091999 0.000000 0.021610
v 0.091990 0.000000 0.021456
v 0.091981 0.000000 0.021296
v 0.091972 0.000000 0.021137
v 0.091963 0.000000 0.020982
v 0.091955 0.000000 0.020837
v 0.091947 0.000000 0.020708
v 0.091879 0.000000 0.019972
v 0.091812 0.000000 0.019252
v 0.091746 0.000000 0.018548
v 0.091681 0.000000 0.017861
v 0.091617 0.000000 0.017189
v 0.091555 0.000000 0.016533
v 0.091493 0.000000 0.015894
v 0.091433 0.000000 0.015270
v 0.091374 0.000000 0.014663
v 0.091316 0.000000 0.014072
v 0.091259 0.000000 0.013497
v 0.091203 0.000000 0.012937
v 0.091281 0.000000 0.012937
v 0.091500 0.000000 0.012937
v 0.091840 0.000000 0.012937
v 0.092282 0.000000 0.012937
v 0.092805 0.000000 0.012937
v 0.093388 0.000000 0.012937
v 0.094012 0.000000 0.012937
v 0.094656 0.000000 0.012937
v 0.095300 0.000000 0.012937
v 0.095924 0.000000 0.012937
v 0.096507 0.000000 0.012937
v 0.097030 0.000000 0.012937
v 0.097123 0.000000 0.013978
v 0.097210 0.000000 0.014965
v 0.097291 0.000000 0.015899
v 0.097365 0.000000 0.016780
v 0.097433 0.000000 0.017607
v 0.097495 0.000000 0.018381
v 0.097551 0.000000 0.019102
v 0.097600 0.000000 0.019769
v 0.097643 0.000000 0.020383
v 0.097680 0.000000 0.020943
v 0.097711 0.000000 0.021450
v 0.097735 0.000000 0.021904
v 0.098962 0.000000 0.022012
v 0.100151 0.000000 0.022169
v 0.101302 0.000000 0.022377
v 0.102414 0.000000 0.022635
v 0.103488 0.000000 0.022942
v 0.104523 0.000000 0.023300
v 0.105520 0.000000 0.023707
v 0.106479 0.000000 0.024165
v 0.107399 0.000000 0.024672
v 0.108280 0.000000 0.025230
v 0.109124 0.000000 0.025837
v 0.109929 0.000000 0.026495
v 0.110860 0.000000 0.027337
v 0.111710 0.000000 0.028224
v 0.112480 0.000000 0.029157
v 0.113168 0.000000 0.030135
v 0.113776 0.000000 0.031159
v 0.114302 0.000000 0.032228
v 0.114748 0.000000 0.033342
v 0.115112 0.000000 0.034502
v 0.115396 0.000000 0.035707
v 0.115598 0.000000 0.036957
v 0.115720 0.000000 0.038253
v 0.115760 0.000000 0.039595
v 0.115723 0.000000 0.040896
v 0.115612 0.000000 0.042156
v 0.115427 0.000000 0.043374
v 0.115167 0.000000 0.044550
v 0.114834 0.000000 0.045685
v 0.114426 0.000000 0.046777
v 0.113945 0.000000 0.047828
v 0.113389 0.000000 0.048836
v 0.112759 0.000000 0.049803
v 0.112055 0.000000 0.050728
v 0.111277 0.000000 0.051611
v 0.110425 0.000000 0.052452
v 0.109530 0.000000 0.053211
v 0.108597 0.000000 0.053904
v 0.107624 0.000000 0.054530
v 0.106613 0.000000 0.055091
v 0.105562 0.000000 0.055586
v 0.104472 0.000000 0.056015
v 0.103343 0.000000 0.056378
v 0.102175 0.000000 0.056675
v 0.100968 0.000000 0.056906
v 0.099722 0.000000 0.057071
v 0.098437 0.000000 0.057170
v 0.097112 0.000000 0.057203
v 0.096977 0.000000 0.057202
v 0.096847 0.000000 0.057200
v 0.096722 0.000000 0.057197
v 0.096603 0.000000 0.057193
v 0.096488 0.000000 0.057188
v 0.096379 0.000000 0.057182
v 0.096275 0.000000 0.057174
v 0.096176 0.000000 0.057166
v 0.096082 0.000000 0.057156
v 0.095994 0.000000 0.057145
v 0.095911 0.000000 0.057133
v 0.095833 0.000000 0.057120
v 0.095320 0.000000 0.058432
v 0.094744 0.000000 0.059695
v 0.094105 0.000000 0.060910
v 0.093403 0.000000 0.062075
v 0.092639 0.000000 0.063192
v 0.091812 0.000000 0.064261
v 0.090923 0.000000 0.065280
v 0.089971 0.000000 0.066251
v 0.088956 0.000000 0.067173
v 0.087879 0.000000 0.068046
v 0.086739 0.000000 0.068871
v 0.085537 0.000000 0.069647
v 0.085477 0.000000 0.069592
v 0.085307 0.000000 0.069436
v 0.085044 0.000000 0.069194
v 0.084703 0.000000 0.068881
v 0.084299 0.000000 0.068510
v 0.083848 0.000000 0.068097
v 0.083366 0.000000 0.067654
v 0.082868 0.000000 0.067197
v 0.082370 0.000000 0.066740
v 0.081888 0.000000 0.066298
v 0.081437 0.000000 0.065884
v 0.081033 0.000000 0.065513
v 0.082087 0.000000 0.064961
v 0.083089 0.000000 0.064367
v 0.084036 0.000000 0.063730
v 0.084931 0.000000 0.063051
v 0.085772 0.000000 0.062329
v 0.086560 0.000000 0.061565
v 0.087295 0.000000 0.060758
v 0.087976 0.000000 0.059909
v 0.088604 0.000000 0.059018
v 0.089178 0.000000 0.058084
v 0.089699 0.000000 0.057108
v 0.090167 0.000000 0.056089
v 0.089117 0.000000 0.055739
v 0.088076 0.000000 0.055322
v 0.087044 0.000000 0.054839
v 0.086020 0.000000 0.054289
v 0.085005 0.000000 0.053672
v 0.083998 0.000000 0.052989
v 0.083000 0.000000 0.052240
v 0.082011 0.000000 0.051423
v 0.081030 0.000000 0.050540
v 0.080058 0.000000 0.049591
v 0.079094 0.000000 0.048575
v 0.078139 0.000000 0.047492
v 0.078189 0.000000 0.047432
v 0.078330 0.000000 0.047263
v 0.078550 0.000000 0.046999
v 0.078835 0.000000 0.046657
v 0.079172 0.000000 0.046253
v 0.079549 0.000000 0.045801
v 0.079951 0.000000 0.045319
v 0.080367 0.000000 0.044820
v 0.080782 0.000000 0.044322
v 0.081185 0.000000 0.043840
v 0.081561 0.000000 0.043388
v 0.081898 0.000000 0.042984
v 0.082567 0.000000 0.043917
v 0.083262 0.000000 0.044800
v 0.083985 0.000000 0.045633
v 0.084734 0.000000 0.046416
v 0.085510 0.000000 0.047149
v 0.086314 0.000000 0.047832
v 0.087144 0.000000 0.048466
v 0.088001 0.000000 0.049049
v 0.088885 0.000000 0.049582
v 0.089796 0.000000 0.050065
v 0.090734 0.000000 0.050498
v 0.091699 0.000000 0.050881
v 0.091864 0.000000 0.049830
v 0.092014 0.000000 0.048757
v 0.092150 0.000000 0.047662
v 0.092272 0.000000 0.046545
v 0.092379 0.000000 0.045406
v 0.092472 0.000000 0.044246
v 0.092551 0.000000 0.043064
v 0.092615 0.000000 0.041860
v 0.092666 0.000000 0.040635
v 0.092702 0.000000 0.039388
v 0.092723 0.000000 0.038119
v 0.092730 0.000000 0.036828
v 0.092728 0.000000 0.036135
v 0.092721 0.000000 0.035422
v 0.092710 0.000000 0.034688
v 0.092693 0.000000 0.033934
v 0.092673 0.000000 0.033159
v 0.092647 0.000000 0.032363
v 0.092618 0.000000 0.031547
v 0.092583 0.000000 0.030710
v 0.092544 0.000000 0.029852
v 0.092500 0.000000 0.028974
v 0.092452 0.000000 0.028075
v 0.092399 0.000000 0.027156
v 0.090862 0.000000 0.027526
v 0.089350 0.000000 0.028002
v 0.087863 0.000000 0.028584
v 0.086401 0.000000 0.029273
v 0.084965 0.000000 0.030068
v 0.083553 0.000000 0.030969
v 0.082167 0.000000 0.031976
v 0.080806 0.000000 0.033089
v 0.079470 0.000000 0.034308
v 0.078160 0.000000 0.035633
v 0.076875 0.000000 0.037065
v 0.075615 0.000000 0.038602
v 0.074723 0.000000 0.039784
v 0.073910 0.000000 0.040957
v 0.073174 0.000000 0.042124
v 0.072515 0.000000 0.043283
v 0.071934 0.000000 0.044434
v 0.071430 0.000000 0.045578
v 0.071004 0.000000 0.046715
v 0.070656 0.000000 0.047844
v 0.070385 0.000000 0.048966
v 0.070191 0.000000 0.050080
v 0.070075 0.000000 0.051187
v 0.070036 0.000000 0.052286
v 0.070041 0.000000 0.052691
v 0.070054 0.000000 0.053119
v 0.070077 0.000000 0.053572
v 0.070109 0.000000 0.054049
v 0.070151 0.000000 0.054550
v 0.070201 0.000000 0.055075
v 0.070261 0.000000 0.055625
v 0.070330 0.000000 0.056198
v 0.070408 0.000000 0.056796
v 0.070495 0.000000 0.057418
v 0.070592 0.000000 0.058064
v 0.070697 0.000000 0.058734
v 0.070621 0.000000 0.058744
v 0.070405 0.000000 0.058772
v 0.070069 0.000000 0.058816
v 0.069633 0.000000 0.058872
v 0.069117 0.000000 0.058939
v 0.068542 0.000000 0.059013
v 0.067926 0.000000 0.059093
v 0.067291 0.000000 0.059175
v 0.066655 0.000000 0.059258
v 0.066040 0.000000 0.059337
v 0.065464 0.000000 0.059412
v 0.064948 0.000000 0.059479
v 0.064678 0.000000 0.057817
v 0.064431 0.000000 0.056167
v 0.064208 0.000000 0.054529
v 0.064008 0.000000 0.052902
v 0.063832 0.000000 0.051287
v 0.063679 0.000000 0.049683
v 0.063550 0.000000 0.048090
v 0.063444 0.000000 0.046509
v 0.063362 0.000000 0.044940
v 0.063303 0.000000 0.043382
v 0.063268 0.000000 0.041835
v 0.063256 0.000000 0.040300
v 0.063271 0.000000 0.038509
v 0.063317 0.000000 0.036693
v 0.063393 0.000000 0.034849
v 0.063499 0.000000 0.032979
v 0.063636 0.000000 0.031083
v 0.063803 0.000000 0.029161
v 0.064001 0.000000 0.027212
v 0.064228 0.000000 0.025236
v 0.064487 0.000000 0.023235
v 0.064776 0.000000 0.021206
v 0.065095 0.000000 0.019152
v 0.065444 0.000000 0.017071
v 0.065563 0.000000 0.017096
v 0.065892 0.000000 0.017165
v 0.066388 0.000000 0.017271
v 0.067009 0.000000 0.017402
v 0.067715 0.000000 0.017552
v 0.068462 0.000000 0.017710
v 0.069210 0.000000 0.017868
v 0.069915 0.000000 0.018018
v 0.070537 0.000000 0.018149
v 0.071033 0.000000 0.018254
v 0.071361 0.000000 0.018324
v 0.098066 0.000000 0.026990
v 0.098119 0.000000 0.028043
v 0.098167 0.000000 0.029066
v 0.098211 0.000000 0.030059
v 0.098250 0.000000 0.031022
v 0.098284 0.000000 0.031955
v 0.098314 0.000000 0.032859
v 0.098339 0.000000 0.033733
v 0.098360 0.000000 0.034577
v 0.098376 0.000000 0.035391
v 0.098387 0.000000 0.036175
v 0.098394 0.000000 0.036930
v 0.098397 0.000000 0.037655
v 0.098388 0.000000 0.038838
v 0.098363 0.000000 0.040017
v 0.098321 0.000000 0.041194
v 0.098263 0.000000 0.042367
v 0.098188 0.000000 0.043536
v 0.098096 0.000000 0.044702
v 0.097988 0.000000 0.045864
v 0.097862 0.000000 0.047023
v 0.097721 0.000000 0.048179
v 0.097562 0.000000 0.049331
v 0.097387 0.000000 0.050480
v 0.097195 0.000000 0.051625
v 0.097890 0.000000 0.051591
v 0.098569 0.000000 0.051532
v 0.099231 0.000000 0.051446
v 0.099878 0.000000 0.051335
v 0.100508 0.000000 0.051197
v 0.101123 0.000000 0.051034
v 0.101721 0.000000 0.050846
v 0.102303 0.000000 0.050631
v 0.102869 0.000000 0.050391
v 0.103419 0.000000 0.050124
v 0.103953 0.000000 0.049832
v 0.104471 0.000000 0.049515
v 0.105271 0.000000 0.048915
v 0.106000 0.000000 0.048274
v 0.106661 0.000000 0.047592
v 0.107252 0.000000 0.046869
v 0.107773 0.000000 0.046104
v 0.108225 0.000000 0.045298
v 0.108607 0.000000 0.044451
v 0.108920 0.000000 0.043562
v 0.109163 0.000000 0.042632
v 0.109337 0.000000 0.041661
v 0.109441 0.000000 0.040649
v 0.109476 0.000000 0.039595
v 0.109397 0.000000 0.037815
v 0.109159 0.000000 0.036167
v 0.108763 0.000000 0.034653
v 0.108208 0.000000 0.033271
v 0.107495 0.000000 0.032022
v 0.106624 0.000000 0.030905
v 0.105594 0.000000 0.029921
v 0.104405 0.000000 0.029070
v 0.103058 0.000000 0.028351
v 0.101553 0.000000 0.027765
v 0.099889 0.000000 0.027311
v 0.000003 0.010000 0.000741
v 0.007031 0.010000 0.000741
v 0.007031 0.010000 0.047905
v 0.007046 0.010000 0.048990
v 0.007092 0.010000 0.050027
v 0.007168 0.010000 0.051017
v 0.007274 0.010000 0.051959
v 0.007411 0.010000 0.052854
v 0.007578 0.010000 0.053700
v 0.007775 0.010000 0.054500
v 0.008003 0.010000 0.055251
v 0.008262 0.010000 0.055955
v 0.008550 0.010000 0.056611
v 0.008870 0.010000 0.057220
v 0.009219 0.010000 0.057781
v 0.009697 0.010000 0.058388
v 0.010233 0.010000 0.058943
v 0.010827 0.010000 0.059445
v 0.011480 0.010000 0.059894
v 0.012192 0.010000 0.060290
v 0.012962 0.010000 0.060633
v 0.013790 0.010000 0.060924
v 0.014677 0.010000 0.061161
v 0.015623 0.010000 0.061346
v 0.016627 0.010000 0.061478
v 0.017689 0.010000 0.061558
v 0.018810 0.010000 0.061584
v 0.021414 0.010000 0.061448
v 0.023932 0.010000 0.061041
v 0.026366 0.010000 0.060362
v 0.028714 0.010000 0.059412
v 0.030978 0.010000 0.058190
v 0.033156 0.010000 0.056697
v 0.035250 0.010000 0.054932
v 0.037258 0.010000 0.052896
v 0.039182 0.010000 0.050588
v 0.041021 0.010000 0.048009
v 0.042774 0.010000 0.045158
v 0.044443 0.010000 0.042036
v 0.044509 0.010000 0.042105
v 0.044698 0.010000 0.042299
v 0.044990 0.010000 0.042601
v 0.045370 0.010000 0.042992
v 0.045819 0.010000 0.043455
v 0.046320 0.010000 0.043972
v 0.046855 0.010000 0.044525
v 0.047409 0.010000 0.045096
v 0.047962 0.010000 0.045667
v 0.048498 0.010000 0.046220
v 0.048999 0.010000 0.046737
v 0.049448 0.010000 0.047200
v 0.048653 0.010000 0.048678
v 0.047813 0.010000 0.050109
v 0.046928 0.010000 0.051493
v 0.045998 0.010000 0.052830
v 0.045022 0.010000 0.054120
v 0.044000 0.010000 0.055363
v 0.042933 0.010000 0.056559
v 0.041821 0.010000 0.057708
v 0.040663 0.010000 0.058809
v 0.039460 0.010000 0.059864
v 0.038212 0.010000 0.060871
v 0.036918 0.010000 0.061832
v 0.035505 0.010000 0.062823
v 0.034075 0.010000 0.063728
v 0.032629 0.010000 0.064546
v 0.031167 0.010000 0.065279
v 0.029689 0.010000 0.065925
v 0.028195 0.010000 0.066486
v 0.026685 0.010000 0.066960
v 0.025159 0.010000 0.067348
v 0.023617 0.010000 0.067649
v 0.022058 0.010000 0.067865
v 0.020484 0.010000 0.067994
v 0.018893 0.010000 0.068037
v 0.015876 0.010000 0.067902
v 0.013121 0.010000 0.067497
v 0.010628 0.010000 0.066821
v 0.008398 0.010000 0.065874
v 0.006431 0.010000 0.064657
v 0.004725 0.010000 0.063170
v 0.003282 0.010000 0.061412
v 0.002102 0.010000 0.059384
v 0.001183 0.010000 0.057085
v 0.000528 0.010000 0.054516
v 0.000134 0.010000 0.051677
v 0.000003 0.010000 0.048566
v 0.000003 0.010000 0.047930
v 0.000003 0.010000 0.046131
v 0.000003 0.010000 0.043336
v 0.000003 0.010000 0.039710
v 0.000003 0.010000 0.035420
v 0.000003 0.010000 0.030632
v 0.000003 0.010000 0.025512
v 0.000003 0.010000 0.020226
v 0.000003 0.010000 0.014939
v 0.000003 0.010000 0.009819
v 0.000003 0.010000 0.005031
v 0.036670 0.010000 0.020829
v 0.035888 0.010000 0.019685
v 0.035114 0.010000 0.018579
v 0.034347 0.010000 0.017511
v 0.033588 0.010000 0.016482
v 0.032836 0.010000 0.015491
v 0.032092 0.010000 0.014539
v 0.031355 0.010000 0.013624
v 0.030626 0.010000 0.012749
v 0.029904 0.010000 0.011912
v 0.029190 0.010000 0.011113
v 0.028484 0.010000 0.010353
v 0.027785 0.010000 0.009631
v 0.027842 0.010000 0.009587
v 0.028004 0.010000 0.009464
v 0.028255 0.010000 0.009273
v 0.028581 0.010000 0.009026
v 0.028966 0.010000 0.008732
v 0.029397 0.010000 0.008405
v 0.029857 0.010000 0.008055
v 0.030332 0.010000 0.007694
v 0.030808 0.010000 0.007333
v 0.031268 0.010000 0.006983
v 0.031698 0.010000 0.006656
v 0.032084 0.010000 0.006363
v 0.032893 0.010000 0.007139
v 0.033695 0.010000 0.007939
v 0.034489 0.010000 0.008761
v 0.035276 0.010000 0.009607
v 0.036055 0.010000 0.010475
v 0.036827 0.010000 0.011366
v 0.037591 0.010000 0.012280
v 0.038348 0.010000 0.013217
v 0.039098 0.010000 0.014176
v 0.039839 0.010000 0.015158
v 0.040574 0.010000 0.016164
v 0.041301 0.010000 0.017192
v 0.041209 0.010000 0.017263
v 0.040958 0.010000 0.017461
v 0.040577 0.010000 0.017760
v 0.040100 0.010000 0.018135
v 0.039559 0.010000 0.018560
v 0.038985 0.010000 0.019011
v 0.038412 0.010000 0.019461
v 0.037871 0.010000 0.019886
v 0.037394 0.010000 0.020261
v 0.037013 0.010000 0.020560
v 0.036761 0.010000 0.020758
v 0.045231 0.010000 0.014216
v 0.044503 0.010000 0.013156
v 0.043767 0.010000 0.012126
v 0.043023 0.010000 0.011126
v 0.042271 0.010000 0.010156
v 0.041511 0.010000 0.009216
v 0.040743 0.010000 0.008305
v 0.039968 0.010000 0.007425
v 0.039184 0.010000 0.006574
v 0.038392 0.010000 0.005753
v 0.037593 0.010000 0.004962
v 0.036786 0.010000 0.004201
v 0.035970 0.010000 0.003469
v 0.036027 0.010000 0.003423
v 0.036187 0.010000 0.003292
v 0.036436 0.010000 0.003089
v 0.036758 0.010000 0.002826
v 0.037140 0.010000 0.002515
v 0.037566 0.010000 0.002167
v 0.038022 0.010000 0.001795
v 0.038492 0.010000 0.001412
v 0.038962 0.010000 0.001028
v 0.039418 0.010000 0.000656
v 0.039844 0.010000 0.000309
v 0.040226 0.010000 -0.000003
v 0.041120 0.010000 0.000777
v 0.041998 0.010000 0.001575
v 0.042860 0.010000 0.002389
v 0.043704 0.010000 0.003221
v 0.044532 0.010000 0.004070
v 0.045344 0.010000 0.004937
v 0.046138 0.010000 0.005820
v 0.046916 0.010000 0.006721
v 0.047678 0.010000 0.007639
v 0.048422 0.010000 0.008574
v 0.049150 0.010000 0.009526
v 0.049861 0.010000 0.010496
v 0.049770 0.010000 0.010569
v 0.049518 0.010000 0.010771
v 0.049138 0.010000 0.011077
v 0.048661 0.010000 0.011460
v 0.048119 0.010000 0.011895
v 0.047546 0.010000 0.012356
v 0.046973 0.010000 0.012817
v 0.046431 0.010000 0.013252
v 0.045954 0.010000 0.013635
v 0.045574 0.010000 0.013940
v 0.045322 0.010000 0.014143
v 0.071480 0.010000 0.018349
v 0.071064 0.010000 0.020398
v 0.070682 0.010000 0.022410
v 0.070334 0.010000 0.024387
v 0.070020 0.010000 0.026327
v 0.069741 0.010000 0.028231
v 0.069497 0.010000 0.030099
v 0.069287 0.010000 0.031931
v 0.069111 0.010000 0.033727
v 0.068970 0.010000 0.035486
v 0.068863 0.010000 0.037210
v 0.068790 0.010000 0.038897
v 0.068752 0.010000 0.040548
v 0.070019 0.010000 0.038039
v 0.071409 0.010000 0.035708
v 0.072921 0.010000 0.033554
v 0.074555 0.010000 0.031577
v 0.076311 0.010000 0.029778
v 0.078190 0.010000 0.028156
v 0.080191 0.010000 0.026712
v 0.082314 0.010000 0.025445
v 0.084560 0.010000 0.024356
v 0.086928 0.010000 0.023444
v 0.089418 0.010000 0.022709
v 0.092030 0.010000 0.022152
v 0.092029 0.010000 0.022133
v 0.092026 0.010000 0.022078
v 0.092021 0.010000 0.021994
v 0.092015 0.010000 0.021885
v 0.092007 0.010000 0.021755
v 0.091999 0.010000 0.021610
v 0.091990 0.010000 0.021456
v 0.091981 0.010000 0.021296
v 0.091972 0.010000 0.021137
v 0.091963 0.010000 0.020982
v 0.091955 0.010000 0.020837
v 0.091947 0.010000 0.020708
v 0.091879 0.010000 0.019972
v 0.091812 0.010000 0.019252
v 0.091746 0.010000 0.018548
v 0.091681 0.010000 0.017861
v 0.091617 0.010000 0.017189
v 0.091555 0.010000 0.016533
v 0.091493 0.010000 0.015894
v 0.091433 0.010000 0.015270
v 0.091374 0.010000 0.014663
v 0.091316 0.010000 0.014072
v 0.091259 0.010000 0.013497
v 0.091203 0.010000 0.012937
v 0.091281 0.010000 0.012937
v 0.091500 0.010000 0.012937
v 0.091840 0.010000 0.012937
v 0.092282 0.010000 0.012937
v 0.092805 0.010000 0.012937
v 0.093388 0.010000 0.012937
v 0.094012 0.010000 0.012937
v 0.094656 0.010000 0.012937
v 0.095300 0.010000 0.012937
v 0.095924 0.010000 0.012937
v 0.096507 0.010000 0.012937
v 0.097030 0.010000 0.012937
v 0.097123 0.010000 0.013978
v 0.097210 0.010000 0.014965
v 0.097291 0.010000 0.015899
v 0.097365 0.010000 0.016780
v 0.097433 0.010000 0.017607
v 0.097495 0.010000 0.018381
v 0.097551 0.010000 0.019102
v 0.097600 0.010000 0.019769
v 0.097643 0.010000 0.020383
v 0.097680 0.010000 0.020943
v 0.097711 0.010000 0.021450
v 0.097735 0.010000 0.021904
v 0.098962 0.010000 0.022012
v 0.100151 0.010000 0.022169
v 0.101302 0.010000 0.022377
v 0.102414 0.010000 0.022635
v 0.103488 0.010000 0.022942
v 0.104523 0.010000 0.023300
v 0.105520 0.010000 0.023707
v 0.106479 0.010000 0.024165
v 0.107399 0.010000 0.024672
v 0.108280 0.010000 0.025230
v 0.109124 0.010000 0.025837
v 0.109929 0.010000 0.026495
v 0.110860 0.010000 0.027337
v 0.111710 0.010000 0.028224
v 0.112480 0.010000 0.029157
v 0.113168 0.010000 0.030135
v 0.113776 0.010000 0.031159
v 0.114302 0.010000 0.032228
v 0.114748 0.010000 0.033342
v 0.115112 0.010000 0.034502
v 0.115396 0.010000 0.035707
v 0.115598 0.010000 0.036957
v 0.115720 0.010000 0.038253
v 0.115760 0.010000 0.039595
v 0.115723 0.010000 0.040896
v 0.115612 0.010000 0.042156
v 0.115427 0.010000 0.043374
v 0.115167 0.010000 0.044550
v 0.114834 0.010000 0.045685
v 0.114426 0.010000 0.046777
v 0.113945 0.010000 0.047828
v 0.113389 0.010000 0.048836
v 0.112759 0.010000 0.049803
v 0.112055 0.010000 0.050728
v 0.111277 0.010000 0.051611
v 0.110425 0.010000 0.052452
v 0.109530 0.010000 0.053211
v 0.108597 0.010000 0.053904
v 0.107624 0.010000 0.054530
v 0.106613 0.010000 0.055091
v 0.105562 0.010000 0.055586
v 0.104472 0.010000 0.056015
v 0.103343 0.010000 0.056378
v 0.102175 0.010000 0.056675
v 0.100968 0.010000 0.056906
v 0.099722 0.010000 0.057071
v 0.098437 0.010000 0.057170
v 0.097112 0.010000 0.057203
v 0.096977 0.010000 0.057202
v 0.096847 0.010000 0.057200
v 0.096722 0.010000 0.057197
v 0.096603 0.010000 0.057193
v 0.096488 0.010000 0.057188
v 0.096379 0.010000 0.057182
v 0.096275 0.010000 0.057174
v 0.096176 0.010000 0.057166
v 0.096082 0.010000 0.057156
v 0.095994 0.010000 0.057145
v 0.095911 0.010000 0.057133
v 0.095833 0.010000 0.057120
v 0.095320 0.010000 0.058432
v 0.094744 0.010000 0.059695
v 0.094105 0.010000 0.060910
v 0.093403 0.010000 0.062075
v 0.092639 0.010000 0.063192
v 0.091812 0.010000 0.064261
v 0.090923 0.010000 0.065280
v 0.089971 0.010000 0.066251
v 0.088956 0.010000 0.067173
v 0.087879 0.010000 0.068046
v 0.086739 0.010000 0.068871
v 0.085537 0.010000 0.069647
v 0.085477 0.010000 0.069592
v 0.085307 0.010000 0.069436
v 0.085044 0.010000 0.069194
v 0.084703 0.010000 0.068881
v 0.084299 0.010000 0.068510
v 0.083848 0.010000 0.068097
v 0.083366 0.010000 0.067654
v 0.082868 0.010000 0.067197
v 0.082370 0.010000 0.066740
v 0.081888 0.010000 0.066298
v 0.081437 0.010000 0.065884
v 0.081033 0.010000 0.065513
v 0.082087 0.010000 0.064961
v 0.083089 0.010000 0.064367
v 0.084036 0.010000 0.063730
v 0.084931 0.010000 0.063051
v 0.085772 0.010000 0.062329
v 0.086560 0.010000 0.061565
v 0.087295 0.010000 0.060758
v 0.087976 0.010000 0.059909
v 0.088604 0.010000 0.059018
v 0.089178 0.010000 0.058084
v 0.089699 0.010000 0.057108
v 0.090167 0.010000 0.056089
v 0.089117 0.010000 0.055739
v 0.088076 0.010000 0.055322
v 0.087044 0.010000 0.054839
v 0.086020 0.010000 0.054289
v 0.085005 0.010000 0.053672
v 0.083998 0.010000 0.052989
v 0.083000 0.010000 0.052240
v 0.082011 0.010000 0.051423
v 0.081030 0.010000 0.050540
v 0.080058 0.010000 0.049591
v 0.079094 0.010000 0.048575
v 0.078139 0.010000 0.047492
v 0.078189 0.010000 0.047432
v 0.078330 0.010000 0.047263
v 0.078550 0.010000 0.046999
v 0.078835 0.010000 0.046657
v 0.079172 0.010000 0.046253
v 0.079549 0.010000 0.045801
v 0.079951 0.010000 0.045319
v 0.080367 0.010000 0.044820
v 0.080782 0.010000 0.044322
v 0.081185 0.010000 0.043840
v 0.081561 0.010000 0.043388
v 0.081898 0.010000 0.042984
v 0.082567 0.010000 0.043917
v 0.083262 0.010000 0.044800
v 0.083985 0.010000 0.045633
v 0.084734 0.010000 0.046416
v 0.085510 0.010000 0.047149
v 0.086314 0.010000 0.047832
v 0.087144 0.010000 0.048466
v 0.088001 0.010000 0.049049
v 0.088885 0.010000 0.049582
v 0.089796 0.010000 0.050065
v 0.090734 0.010000 0.050498
v 0.091699 0.010000 0.050881
v 0.091864 0.010000 0.049830
v 0.092014 0.010000 0.048757
v 0.092150 0.010000 0.047662
v 0.092272 0.010000 0.046545
v 0.092379 0.010000 0.045406
v 0.092472 0.010000 0.044246
v 0.092551 0.010000 0.043064
v 0.092615 0.010000 0.041860
v 0.092666 0.010000 0.040635
v 0.092702 0.010000 0.039388
v 0.092723 0.010000 0.038119
v 0.092730 0.010000 0.036828
v 0.092728 0.010000 0.036135
v 0.092721 0.010000 0.035422
v 0.092710 0.010000 0.034688
v 0.092693 0.010000 0.033934
v 0.092673 0.010000 0.033159
v 0.092647 0.010000 0.032363
v 0.092618 0.010000 0.031547
v 0.092583 0.010000 0.030710
v 0.092544 0.010000 0.029852
v 0.092500 0.010000 0.028974
v 0.092452 0.010000 0.028075
v 0.092399 0.010000 0.027156
v 0.090862 0.010000 0.027526
v 0.089350 0.010000 0.028002
v 0.087863 0.010000 0.028584
v 0.086401 0.010000 0.029273
v 0.084965 0.010000 0.030068
v 0.083553 0.010000 0.030969
v 0.082167 0.010000 0.031976
v 0.080806 0.010000 0.033089
v 0.079470 0.010000 0.034308
v 0.078160 0.010000 0.035633
v 0.076875 0.010000 0.037065
v 0.075615 0.010000 0.038602
v 0.074723 0.010000 0.039784
v 0.073910 0.010000 0.040957
v 0.073174 0.010000 0.042124
v 0.072515 0.010000 0.043283
v 0.071934 0.010000 0.044434
v 0.071430 0.010000 0.045578
v 0.071004 0.010000 0.046715
v 0.070656 0.010000 0.047844
v 0.070385 0.010000 0.048966
v 0.070191 0.010000 0.050080
v 0.070075 0.010000 0.051187
v 0.070036 0.010000 0.052286
v 0.070041 0.010000 0.052691
v 0.070054 0.010000 0.053119
v 0.070077 0.010000 0.053572
v 0.070109 0.010000 0.054049
v 0.070151 0.010000 0.054550
v 0.070201 0.010000 0.055075
v 0.070261 0.010000 0.055625
v 0.070330 0.010000 0.056198
v 0.070408 0.010000 0.056796
v 0.070495 0.010000 0.057418
v 0.070592 0.010000 0.058064
v 0.070697 0.010000 0.058734
v 0.070621 0.010000 0.058744
v 0.070405 0.010000 0.058772
v 0.070069 0.010000 0.058816
v 0.069633 0.010000 0.058872
v 0.069117 0.010000 0.058939
v 0.068542 0.010000 0.059013
v 0.067926 0.010000 0.059093
v 0.067291 0.010000 0.059175
v 0.066655 0.010000 0.059258
v 0.066040 0.010000 0.059337
v 0.065464 0.010000 0.059412
v 0.064948 0.010000 0.059479
v 0.064678 0.010000 0.057817
v 0.064431 0.010000 0.056167
v 0.064208 0.010000 0.054529
v 0.064008 0.010000 0.052902
v 0.063832 0.010000 0.051287
v 0.063679 0.010000 0.049683
v 0.063550 0.010000 0.048090
v 0.063444 0.010000 0.046509
v 0.063362 0.010000 0.044940
v 0.063303 0.010000 0.043382
v 0.063268 0.010000 0.041835
v 0.063256 0.010000 0.040300
v 0.063271 0.010000 0.038509
v 0.063317 0.010000 0.036693
v 0.063393 0.010000 0.034849
v 0.063499 0.010000 0.032979
v 0.063636 0.010000 0.031083
v 0.063803 0.010000 0.029161
v 0.064001 0.010000 0.027212
v 0.064228 0.010000 0.025236
v 0.064487 0.010000 0.023235
v 0.064776 0.010000 0.021206
v 0.065095 0.010000 0.019152
v 0.065444 0.010000 0.017071
v 0.065563 0.010000 0.017096
v 0.065892 0.010000 0.017165
v 0.066388 0.010000 0.017271
v 0.067009 0.010000 0.017402
v 0.067715 0.010000 0.017552
v 0.068462 0.010000 0.017710
v 0.069210 0.010000 0.017868
v 0.069915 0.010000 0.018018
v 0.070537 0.010000 0.018149
v 0.071033 0.010000 0.018254
v 0.071361 0.010000 0.018324
v 0.098066 0.010000 0.026990
v 0.098119 0.010000 0.028043
v 0.098167 0.010000 0.029066
v 0.098211 0.010000 0.030059
v 0.098250 0.010000 0.031022
v 0.098284 0.010000 0.031955
v 0.098314 0.010000 0.032859
v 0.098339 0.010000 0.033733
v 0.098360 0.010000 0.034577
v 0.098376 0.010000 0.035391
v 0.098387 0.010000 0.036175
v 0.098394 0.010000 0.036930
v 0.098397 0.010000 0.037655
v 0.098388 0.010000 0.038838
v 0.098363 0.010000 0.040017
v 0.098321 0.010000 0.041194
v 0.098263 0.010000 0.042367
v 0.098188 0.010000 0.043536
v 0.098096 0.010000 0.044702
v 0.097988 0.010000 0.045864
v 0.097862 0.010000 0.047023
v 0.097721 0.010000 0.048179
v 0.097562 0.010000 0.049331
v 0.097387 0.010000 0.050480
v 0.097195 0.010000 0.051625
v 0.097890 0.010000 0.051591
v 0.098569 0.010000 0.051532
v 0.099231 0.010000 0.051446
v 0.099878 0.010000 0.051335
v 0.100508 0.010000 0.051197
v 0.101123 0.010000 0.051034
v 0.101721 0.010000 0.050846
v 0.102303 0.010000 0.050631
v 0.102869 0.010000 0.050391
v 0.103419 0.010000 0.050124
v 0.103953 0.010000 0.049832
v 0.104471 0.010000 0.049515
v 0.105271 0.010000 0.048915
v 0.106000 0.010000 0.048274
v 0.106661 0.010000 0.047592
v 0.107252 0.010000 0.046869
v 0.107773 0.010000 0.046104
v 0.108225 0.010000 0.045298
v 0.108607 0.010000 0.044451
v 0.108920 0.010000 0.043562
v 0.109163 0.010000 0.042632
v 0.109337 0.010000 0.041661
v 0.109441 0.010000 0.040649
v 0.109476 0.010000 0.039595
v 0.109397 0.010000 0.037815
v 0.109159 0.010000 0.036167
v 0.108763 0.010000 0.034653
v 0.108208 0.010000 0.033271
v 0.107495 0.010000 0.032022
v 0.106624 0.010000 0.030905
v 0.105594 0.010000 0.029921
v 0.104405 0.010000 0.029070
v 0.103058 0.010000 0.028351
v 0.101553 0.010000 0.027765
v 0.099889 0.010000 0.027311
usemtl SVGMat.001
s off
f 256 255 254
f 256 254 253
f 256 253 252
f 256 252 251
f 256 251 250
f 256 250 249
f 256 249 248
f 256 248 247
f 256 247 246
f 256 246 245
f 256 245 244
f 256 244 243
f 256 243 242
f 256 242 241
f 257 256 241
f 257 241 240
f 257 240 239
f 258 257 239
f 258 239 238
f 258 238 237
f 259 258 237
f 259 237 236
f 260 259 236
f 496 495 494
f 497 496 494
f 498 497 494
f 260 236 235
f 499 498 494
f 500 499 494
f 501 500 494
f 261 260 235
f 502 501 494
f 261 235 234
f 503 502 494
f 504 503 494
f 505 504 494
f 506 505 494
f 195 506 494
f 196 195 494
f 262 261 234
f 262 234 233
f 263 262 233
f 196 494 493
f 263 233 232
f 264 263 232
f 264 232 231
f 265 264 231
f 197 196 493
f 265 231 230
f 265 230 229
f 266 265 229
f 266 229 228
f 266 228 227
f 197 493 492
f 266 227 226
f 267 266 226
f 267 226 225
f 267 225 224
f 267 224 223
f 267 223 222
f 268 267 222
f 268 222 221
f 269 268 221
f 269 221 220
f 269 220 219
f 269 219 218
f 270 269 218
f 271 270 218
f 198 197 492
f 272 271 218
f 272 218 217
f 273 272 217
f 198 492 491
f 274 273 217
f 274 217 216
f 275 274 216
f 276 275 216
f 276 216 215
f 199 198 491
f 277 276 215
f 278 277 215
f 199 491 490
f 278 215 214
f 279 278 214
f 200 199 490
f 280 279 507
f 507 279 214
f 507 214 423
f 423 214 213
f 280 507 566
f 508 507 423
f 508 423 422
f 424 423 213
f 200 490 489
f 280 566 565
f 281 280 565
f 425 424 213
f 281 565 564
f 426 425 213
f 509 508 422
f 509 422 421
f 426 213 212
f 282 281 564
f 201 200 489
f 282 564 563
f 427 426 212
f 509 421 420
f 510 509 420
f 282 563 562
f 283 282 562
f 201 489 488
f 428 427 212
f 428 212 211
f 510 420 419
f 283 562 561
f 511 510 419
f 429 428 211
f 202 201 488
f 284 283 561
f 511 419 418
f 284 561 560
f 430 429 211
f 512 511 418
f 202 488 487
f 285 284 560
f 512 418 417
f 430 211 210
f 203 202 487
f 513 512 417
f 431 430 210
f 285 560 559
f 286 285 559
f 513 417 416
f 514 513 416
f 203 487 486
f 432 431 210
f 514 416 415
f 286 559 558
f 287 286 558
f 432 210 209
f 204 203 486
f 515 514 415
f 515 415 414
f 433 432 209
f 288 287 558
f 516 515 414
f 288 558 557
f 516 414 413
f 204 486 485
f 517 516 413
f 517 413 412
f 205 204 485
f 434 433 209
f 289 288 557
f 434 209 208
f 517 412 411
f 289 557 556
f 518 517 411
f 205 485 484
f 518 411 410
f 519 518 410
f 290 289 556
f 435 434 208
f 206 205 484
f 520 519 410
f 290 556 555
f 435 208 207
f 520 410 409
f 291 290 555
f 206 484 483
f 436 435 207
f 521 520 409
f 207 206 483
f 521 409 408
f 292 291 555
f 292 555 554
f 437 436 207
f 522 521 408
f 207 483 482
f 437 207 482
f 522 408 407
f 292 554 553
f 293 292 553
f 438 437 482
f 523 522 407
f 293 553 552
f 438 482 481
f 523 407 406
f 439 438 481
f 294 293 552
f 524 523 406
f 294 552 551
f 388 387 386
f 524 406 405
f 440 439 481
f 295 294 551
f 440 481 480
f 388 386 385
f 525 524 405
f 295 551 550
f 388 385 384
f 389 388 384
f 525 405 404
f 389 384 383
f 441 440 480
f 295 550 549
f 296 295 549
f 526 525 404
f 390 389 383
f 390 383 382
f 441 480 479
f 296 549 548
f 390 382 381
f 526 404 403
f 442 441 479
f 391 390 381
f 297 296 548
f 391 381 380
f 527 526 403
f 297 548 547
f 391 380 379
f 392 391 379
f 442 479 478
f 527 403 402
f 392 379 378
f 443 442 478
f 298 297 547
f 298 547 546
f 392 378 377
f 528 527 402
f 393 392 377
f 393 377 376
f 393 376 375
f 393 375 374
f 298 546 545
f 528 402 401
f 299 298 545
f 394 393 374
f 444 443 478
f 444 478 477
f 529 528 401
f 299 545 544
f 395 394 374
f 395 374 373
f 529 401 400
f 300 299 544
f 300 544 543
f 445 444 477
f 396 395 373
f 530 529 400
f 300 543 542
f 397 396 373
f 397 373 372
f 445 477 476
f 301 300 542
f 530 400 399
f 301 542 541
f 398 397 372
f 446 445 476
f 301 541 540
f 301 540 539
f 531 530 399
f 399 398 372
f 399 372 371
f 301 539 538
f 302 301 538
f 302 538 537
f 531 399 371
f 302 537 536
f 447 446 476
f 302 536 535
f 447 476 475
f 302 535 534
f 531 371 370
f 302 534 533
f 302 533 532
f 302 532 531
f 303 302 531
f 303 531 370
f 303 370 369
f 448 447 475
f 304 303 369
f 449 448 475
f 449 475 474
f 304 369 368
f 450 449 474
f 305 304 368
f 451 450 474
f 305 368 367
f 306 305 367
f 452 451 474
f 306 367 366
f 452 474 473
f 307 306 366
f 453 452 473
f 307 366 365
f 454 453 473
f 308 307 365
f 308 365 364
f 309 308 364
f 455 454 473
f 309 364 363
f 310 309 363
f 310 363 362
f 455 473 472
f 456 455 472
f 311 310 362
f 312 311 362
f 457 456 472
f 313 312 362
f 314 313 327
f 327 313 362
f 327 362 361
f 314 327 326
f 328 327 361
f 314 326 325
f 314 325 324
f 314 324 323
f 314 323 322
f 315 314 322
f 315 322 321
f 315 321 320
f 315 320 319
f 315 319 318
f 315 318 317
f 315 317 316
f 458 457 472
f 458 472 471
f 459 458 471
f 328 361 360
f 329 328 360
f 460 459 471
f 461 460 471
f 462 461 471
f 463 462 471
f 464 463 471
f 465 464 471
f 466 465 471
f 329 360 359
f 467 466 471
f 468 467 471
f 469 468 471
f 470 469 471
f 330 329 359
f 330 359 358
f 330 358 357
f 331 330 357
f 331 357 356
f 332 331 356
f 332 356 355
f 332 355 354
f 333 332 354
f 333 354 353
f 334 333 353
f 334 353 352
f 334 352 351
f 335 334 351
f 335 351 350
f 335 350 349
f 336 335 349
f 336 349 348
f 336 348 347
f 337 336 347
f 337 347 346
f 337 346 345
f 338 337 345
f 338 345 344
f 338 344 343
f 339 338 343
f 339 343 342
f 339 342 341
f 339 341 340
f 172 171 170
f 172 170 169
f 172 169 168
f 3 2 1
f 3 1 98
f 173 172 168
f 173 168 167
f 173 167 166
f 174 173 166
f 174 166 165
f 174 165 164
f 175 174 164
f 175 164 163
f 175 163 162
f 175 162 161
f 176 175 161
f 176 161 160
f 176 160 159
f 176 159 158
f 177 176 158
f 177 158 157
f 178 177 157
f 178 157 156
f 3 98 97
f 178 156 155
f 179 178 155
f 124 123 122
f 179 155 154
f 124 122 121
f 180 179 154
f 124 121 120
f 125 124 120
f 125 120 119
f 180 154 153
f 181 180 153
f 125 119 118
f 126 125 118
f 126 118 117
f 181 153 152
f 126 117 116
f 182 181 152
f 126 116 115
f 127 126 115
f 127 115 114
f 182 152 151
f 127 114 113
f 127 113 112
f 183 182 151
f 127 112 111
f 128 127 111
f 128 111 110
f 3 97 96
f 183 151 150
f 128 110 109
f 129 128 109
f 184 183 150
f 185 184 150
f 186 185 150
f 187 186 150
f 129 109 108
f 187 150 149
f 130 129 108
f 188 187 149
f 189 188 149
f 130 108 107
f 189 149 148
f 131 130 107
f 190 189 148
f 131 107 106
f 191 190 148
f 191 148 192
f 192 148 147
f 132 131 106
f 132 106 105
f 193 192 147
f 194 193 147
f 133 132 105
f 133 105 104
f 3 96 95
f 134 133 104
f 134 104 103
f 135 134 103
f 135 103 102
f 136 135 102
f 137 136 102
f 138 137 102
f 138 102 101
f 139 138 101
f 140 139 101
f 141 140 101
f 141 101 100
f 142 141 100
f 143 142 100
f 143 100 146
f 146 100 99
f 144 143 146
f 3 95 94
f 145 144 146
f 3 94 93
f 3 93 92
f 3 92 91
f 3 91 90
f 40 39 38
f 41 40 38
f 42 41 38
f 43 42 38
f 44 43 38
f 3 90 89
f 45 44 38
f 46 45 38
f 47 46 38
f 48 47 38
f 48 38 37
f 49 48 37
f 3 89 88
f 50 49 37
f 51 50 37
f 52 51 37
f 4 3 88
f 4 88 87
f 52 37 36
f 4 87 86
f 53 52 36
f 5 4 86
f 6 5 86
f 54 53 36
f 54 36 35
f 7 6 86
f 55 54 35
f 7 86 85
f 8 7 85
f 56 55 35
f 9 8 85
f 56 35 34
f 10 9 85
f 57 56 34
f 11 10 85
f 11 85 84
f 57 34 33
f 12 11 84
f 58 57 33
f 13 12 84
f 59 58 33
f 14 13 84
f 59 33 32
f 14 84 83
f 15 14 83
f 60 59 32
f 16 15 83
f 60 32 31
f 17 16 83
f 61 60 31
f 18 17 83
f 18 83 82
f 61 31 30
f 19 18 82
f 62 61 30
f 20 19 82
f 21 20 82
f 62 30 29
f 22 21 82
f 63 62 29
f 23 22 82
f 63 29 28
f 24 23 82
f 25 24 82
f 25 82 81
f 63 28 27
f 26 25 81
f 27 26 81
f 63 27 81
f 64 63 81
f 65 64 81
f 65 81 80
f 66 65 80
f 67 66 80
f 67 80 79
f 68 67 79
f 68 79 78
f 69 68 78
f 70 69 78
f 70 78 77
f 71 70 77
f 72 71 77
f 72 77 76
f 73 72 76
f 74 73 76
f 74 76 75
f 822 820 821
f 822 819 820
f 822 818 819
f 822 817 818
f 822 816 817
f 822 815 816
f 822 814 815
f 822 813 814
f 822 812 813
f 822 811 812
f 822 810 811
f 822 809 810
f 822 808 809
f 822 807 808
f 823 807 822
f 823 806 807
f 823 805 806
f 824 805 823
f 824 804 805
f 824 803 804
f 825 803 824
f 825 802 803
f 826 802 825
f 1062 1060 1061
f 1063 1060 1062
f 1064 1060 1063
f 826 801 802
f 1065 1060 1064
f 1066 1060 1065
f 1067 1060 1066
f 827 801 826
f 1068 1060 1067
f 827 800 801
f 1069 1060 1068
f 1070 1060 1069
f 1071 1060 1070
f 1072 1060 1071
f 761 1060 1072
f 762 1060 761
f 828 800 827
f 828 799 800
f 829 799 828
f 762 1059 1060
f 829 798 799
f 830 798 829
f 830 797 798
f 831 797 830
f 763 1059 762
f 831 796 797
f 831 795 796
f 832 795 831
f 832 794 795
f 832 793 794
f 763 1058 1059
f 832 792 793
f 833 792 832
f 833 791 792
f 833 790 791
f 833 789 790
f 833 788 789
f 834 788 833
f 834 787 788
f 835 787 834
f 835 786 787
f 835 785 786
f 835 784 785
f 836 784 835
f 837 784 836
f 764 1058 763
f 838 784 837
f 838 783 784
f 839 783 838
f 764 1057 1058
f 840 783 839
f 840 782 783
f 841 782 840
f 842 782 841
f 842 781 782
f 765 1057 764
f 843 781 842
f 844 781 843
f 765 1056 1057
f 844 780 781
f 845 780 844
f 766 1056 765
f 846 1073 845
f 1073 780 845
f 1073 989 780
f 989 779 780
f 846 1132 1073
f 1074 989 1073
f 1074 988 989
f 990 779 989
f 766 1055 1056
f 846 1131 1132
f 847 1131 846
f 991 779 990
f 847 1130 1131
f 992 779 991
f 1075 988 1074
f 1075 987 988
f 992 778 779
f 848 1130 847
f 767 1055 766
f 848 1129 1130
f 993 778 992
f 1075 986 987
f 1076 986 1075
f 848 1128 1129
f 849 1128 848
f 767 1054 1055
f 994 778 993
f 994 777 778
f 1076 985 986
f 849 1127 1128
f 1077 985 1076
f 995 777 994
f 768 1054 767
f 850 1127 849
f 1077 984 985
f 850 1126 1127
f 996 777 995
f 1078 984 1077
f 768 1053 1054
f 851 1126 850
f 1078 983 984
f 996 776 777
f 769 1053 768
f 1079 983 1078
f 997 776 996
f 851 1125 1126
f 852 1125 851
f 1079 982 983
f 1080 982 1079
f 769 1052 1053
f 998 776 997
f 1080 981 982
f 852 1124 1125
f 853 1124 852
f 998 775 776
f 770 1052 769
f 1081 981 1080
f 1081 980 981
f 999 775 998
f 854 1124 853
f 1082 980 1081
f 854 1123 1124
f 1082 979 980
f 770 1051 1052
f 1083 979 1082
f 1083 978 979
f 771 1051 770
f 1000 775 999
f 855 1123 854
f 1000 774 775
f 1083 977 978
f 855 1122 1123
f 1084 977 1083
f 771 1050 1051
f 1084 976 977
f 1085 976 1084
f 856 1122 855
f 1001 774 1000
f 772 1050 771
f 1086 976 1085
f 856 1121 1122
f 1001 773 774
f 1086 975 976
f 857 1121 856
f 772 1049 1050
f 1002 773 1001
f 1087 975 1086
f 773 1049 772
f 1087 974 975
f 858 1121 857
f 858 1120 1121
f 1003 773 1002
f 1088 974 1087
f 773 1048 1049
f 1003 1048 773
f 1088 973 974
f 858 1119 1120
f 859 1119 858
f 1004 1048 1003
f 1089 973 1088
f 859 1118 1119
f 1004 1047 1048
f 1089 972 973
f 1005 1047 1004
f 860 1118 859
f 1090 972 1089
f 860 1117 1118
f 954 952 953
f 1090 971 972
f 1006 1047 1005
f 861 1117 860
f 1006 1046 1047
f 954 951 952
f 1091 971 1090
f 861 1116 1117
f 954 950 951
f 955 950 954
f 1091 970 971
f 955 949 950
f 1007 1046 1006
f 861 1115 1116
f 862 1115 861
f 1092 970 1091
f 956 949 955
f 956 948 949
f 1007 1045 1046
f 862 1114 1115
f 956 947 948
f 1092 969 970
f 1008 1045 1007
f 957 947 956
f 863 1114 862
f 957 946 947
f 1093 969 1092
f 863 1113 1114
f 957 945 946
f 958 945 957
f 1008 1044 1045
f 1093 968 969
f 958 944 945
f 1009 1044 1008
f 864 1113 863
f 864 1112 1113
f 958 943 944
f 1094 968 1093
f 959 943 958
f 959 942 943
f 959 941 942
f 959 940 941
f 864 1111 1112
f 1094 967 968
f 865 1111 864
f 960 940 959
f 1010 1044 1009
f 1010 1043 1044
f 1095 967 1094
f 865 1110 1111
f 961 940 960
f 961 939 940
f 1095 966 967
f 866 1110 865
f 866 1109 1110
f 1011 1043 1010
f 962 939 961
f 1096 966 1095
f 866 1108 1109
f 963 939 962
f 963 938 939
f 1011 1042 1043
f 867 1108 866
f 1096 965 966
f 867 1107 1108
f 964 938 963
f 1012 1042 1011
f 867 1106 1107
f 867 1105 1106
f 1097 965 1096
f 965 938 964
f 965 937 938
f 867 1104 1105
f 868 1104 867
f 868 1103 1104
f 1097 937 965
f 868 1102 1103
f 1013 1042 1012
f 868 1101 1102
f 1013 1041 1042
f 868 1100 1101
f 1097 936 937
f 868 1099 1100
f 868 1098 1099
f 868 1097 1098
f 869 1097 868
f 869 936 1097
f 869 935 936
f 1014 1041 1013
f 870 935 869
f 1015 1041 1014
f 1015 1040 1041
f 870 934 935
f 1016 1040 1015
f 871 934 870
f 1017 1040 1016
f 871 933 934
f 872 933 871
f 1018 1040 1017
f 872 932 933
f 1018 1039 1040
f 873 932 872
f 1019 1039 1018
f 873 931 932
f 1020 1039 1019
f 874 931 873
f 874 930 931
f 875 930 874
f 1021 1039 1020
f 875 929 930
f 876 929 875
f 876 928 929
f 1021 1038 1039
f 1022 1038 1021
f 877 928 876
f 878 928 877
f 1023 1038 1022
f 879 928 878
f 880 893 879
f 893 928 879
f 893 927 928
f 880 892 893
f 894 927 893
f 880 891 892
f 880 890 891
f 880 889 890
f 880 888 889
f 881 888 880
f 881 887 888
f 881 886 887
f 881 885 886
f 881 884 885
f 881 883 884
f 881 882 883
f 1024 1038 1023
f 1024 1037 1038
f 1025 1037 1024
f 894 926 927
f 895 926 894
f 1026 1037 1025
f 1027 1037 1026
f 1028 1037 1027
f 1029 1037 1028
f 1030 1037 1029
f 1031 1037 1030
f 1032 1037 1031
f 895 925 926
f 1033 1037 1032
f 1034 1037 1033
f 1035 1037 1034
f 1036 1037 1035
f 896 925 895
f 896 924 925
f 896 923 924
f 897 923 896
f 897 922 923
f 898 922 897
f 898 921 922
f 898 920 921
f 899 920 898
f 899 919 920
f 900 919 899
f 900 918 919
f 900 917 918
f 901 917 900
f 901 916 917
f 901 915 916
f 902 915 901
f 902 914 915
f 902 913 914
f 903 913 902
f 903 912 913
f 903 911 912
f 904 911 903
f 904 910 911
f 904 909 910
f 905 909 904
f 905 908 909
f 905 907 908
f 905 906 907
f 738 736 737
f 738 735 736
f 738 734 735
f 569 567 568
f 569 664 567
f 739 734 738
f 739 733 734
f 739 732 733
f 740 732 739
f 740 731 732
f 740 730 731
f 741 730 740
f 741 729 730
f 741 728 729
f 741 727 728
f 742 727 741
f 742 726 727
f 742 725 726
f 742 724 725
f 743 724 742
f 743 723 724
f 744 723 743
f 744 722 723
f 569 663 664
f 744 721 722
f 745 721 744
f 690 688 689
f 745 720 721
f 690 687 688
f 746 720 745
f 690 686 687
f 691 686 690
f 691 685 686
f 746 719 720
f 747 719 746
f 691 684 685
f 692 684 691
f 692 683 684
f 747 718 719
f 692 682 683
f 748 718 747
f 692 681 682
f 693 681 692
f 693 680 681
f 748 717 718
f 693 679 680
f 693 678 679
f 749 717 748
f 693 677 678
f 694 677 693
f 694 676 677
f 569 662 663
f 749 716 717
f 694 675 676
f 695 675 694
f 750 716 749
f 751 716 750
f 752 716 751
f 753 716 752
f 695 674 675
f 753 715 716
f 696 674 695
f 754 715 753
f 755 715 754
f 696 673 674
f 755 714 715
f 697 673 696
f 756 714 755
f 697 672 673
f 757 714 756
f 757 758 714
f 758 713 714
f 698 672 697
f 698 671 672
f 759 713 758
f 760 713 759
f 699 671 698
f 699 670 671
f 569 661 662
f 700 670 699
f 700 669 670
f 701 669 700
f 701 668 669
f 702 668 701
f 703 668 702
f 704 668 703
f 704 667 668
f 705 667 704
f 706 667 705
f 707 667 706
f 707 666 667
f 708 666 707
f 709 666 708
f 709 712 666
f 712 665 666
f 710 712 709
f 569 660 661
f 711 712 710
f 569 659 660
f 569 658 659
f 569 657 658
f 569 656 657
f 606 604 605
f 607 604 606
f 608 604 607
f 609 604 608
f 610 604 609
f 569 655 656
f 611 604 610
f 612 604 611
f 613 604 612
f 614 604 613
f 614 603 604
f 615 603 614
f 569 654 655
f 616 603 615
f 617 603 616
f 618 603 617
f 570 654 569
f 570 653 654
f 618 602 603
f 570 652 653
f 619 602 618
f 571 652 570
f 572 652 571
f 620 602 619
f 620 601 602
f 573 652 572
f 621 601 620
f 573 651 652
f 574 651 573
f 622 601 621
f 575 651 574
f 622 600 601
f 576 651 575
f 623 600 622
f 577 651 576
f 577 650 651
f 623 599 600
f 578 650 577
f 624 599 623
f 579 650 578
f 625 599 624
f 580 650 579
f 625 598 599
f 580 649 650
f 581 649 580
f 626 598 625
f 582 649 581
f 626 597 598
f 583 649 582
f 627 597 626
f 584 649 583
f 584 648 649
f 627 596 597
f 585 648 584
f 628 596 627
f 586 648 585
f 587 648 586
f 628 595 596
f 588 648 587
f 629 595 628
f 589 648 588
f 629 594 595
f 590 648 589
f 591 648 590
f 591 647 648
f 629 593 594
f 592 647 591
f 593 647 592
f 629 647 593
f 630 647 629
f 631 647 630
f 631 646 647
f 632 646 631
f 633 646 632
f 633 645 646
f 634 645 633
f 634 644 645
f 635 644 634
f 636 644 635
f 636 643 644
f 637 643 636
f 638 643 637
f 638 642 643
f 639 642 638
f 640 642 639
f 640 641 642
f 301 302 868 867
f 123 124 690 689
f 328 329 895 894
f 250 251 817 816
f 218 219 785 784
f 488 489 1055 1054
f 470 471 1037 1036
f 354 355 921 920
f 264 265 831 830
f 285 286 852 851
f 235 236 802 801
f 302 303 869 868
f 522 523 1089 1088
f 307 308 874 873
f 115 116 682 681
f 144 145 711 710
f 74 75 641 640
f 322 323 889 888
f 490 491 1057 1056
f 563 564 1130 1129
f 137 138 704 703
f 130 131 697 696
f 200 201 767 766
f 399 400 966 965
f 404 405 971 970
f 119 120 686 685
f 512 513 1079 1078
f 239 240 806 805
f 471 472 1038 1037
f 124 125 691 690
f 278 279 845 844
f 226 227 793 792
f 305 306 872 871
f 159 160 726 725
f 320 321 887 886
f 5 6 572 571
f 114 115 681 680
f 262 263 829 828
f 97 98 664 663
f 139 140 706 705
f 369 370 936 935
f 61 62 628 627
f 418 419 985 984
f 366 367 933 932
f 21 22 588 587
f 391 392 958 957
f 95 96 662 661
f 441 442 1008 1007
f 286 287 853 852
f 376 377 943 942
f 77 78 644 643
f 258 259 825 824
f 231 232 798 797
f 364 365 931 930
f 284 285 851 850
f 53 54 620 619
f 142 143 709 708
f 66 67 633 632
f 276 277 843 842
f 1 2 568 567
f 414 415 981 980
f 191 192 758 757
f 378 379 945 944
f 481 482 1048 1047
f 505 506 1072 1071
f 523 524 1090 1089
f 457 458 1024 1023
f 435 436 1002 1001
f 485 486 1052 1051
f 197 198 764 763
f 465 466 1032 1031
f 280 281 847 846
f 390 391 957 956
f 63 64 630 629
f 294 295 861 860
f 76 77 643 642
f 454 455 1021 1020
f 4 5 571 570
f 186 187 753 752
f 209 210 776 775
f 396 397 963 962
f 529 530 1096 1095
f 387 388 954 953
f 318 319 885 884
f 546 547 1113 1112
f 148 149 715 714
f 549 550 1116 1115
f 380 381 947 946
f 52 53 619 618
f 203 204 770 769
f 47 48 614 613
f 311 312 878 877
f 421 422 988 987
f 167 168 734 733
f 377 378 944 943
f 112 113 679 678
f 246 247 813 812
f 559 560 1126 1125
f 78 79 645 644
f 540 541 1107 1106
f 383 384 950 949
f 312 313 879 878
f 41 42 608 607
f 254 255 821 820
f 439 440 1006 1005
f 502 503 1069 1068
f 475 476 1042 1041
f 134 135 701 700
f 135 136 702 701
f 274 275 841 840
f 80 81 647 646
f 349 350 916 915
f 40 41 607 606
f 67 68 634 633
f 163 164 730 729
f 152 153 719 718
f 337 338 904 903
f 360 361 927 926
f 484 485 1051 1050
f 491 492 1058 1057
f 321 322 888 887
f 537 538 1104 1103
f 32 33 599 598
f 450 451 1017 1016
f 289 290 856 855
f 82 83 649 648
f 405 406 972 971
f 69 70 636 635
f 437 438 1004 1003
f 477 478 1044 1043
f 455 456 1022 1021
f 362 363 929 928
f 365 366 932 931
f 367 368 934 933
f 496 497 1063 1062
f 548 549 1115 1114
f 240 241 807 806
f 493 494 1060 1059
f 531 532 1098 1097
f 118 119 685 684
f 196 197 763 762
f 11 12 578 577
f 533 534 1100 1099
f 409 410 976 975
f 326 327 893 892
f 333 334 900 899
f 339 340 906 905
f 86 87 653 652
f 558 559 1125 1124
f 469 470 1036 1035
f 265 266 832 831
f 420 421 987 986
f 374 375 941 940
f 269 270 836 835
f 499 500 1066 1065
f 350 351 917 916
f 335 336 902 901
f 566 507 1073 1132
f 17 18 584 583
f 229 230 796 795
f 35 36 602 601
f 252 253 819 818
f 10 11 577 576
f 560 561 1127 1126
f 242 243 809 808
f 225 226 792 791
f 129 130 696 695
f 408 409 975 974
f 384 385 951 950
f 445 446 1012 1011
f 101 102 668 667
f 410 411 977 976
f 55 56 622 621
f 309 310 876 875
f 436 437 1003 1002
f 330 331 897 896
f 219 220 786 785
f 261 262 828 827
f 230 231 797 796
f 331 332 898 897
f 140 141 707 706
f 291 292 858 857
f 565 566 1132 1131
f 39 40 606 605
f 342 343 909 908
f 29 30 596 595
f 241 242 808 807
f 334 335 901 900
f 26 27 593 592
f 151 152 718 717
f 438 439 1005 1004
f 25 26 592 591
f 343 344 910 909
f 96 97 663 662
f 46 47 613 612
f 79 80 646 645
f 184 185 751 750
f 91 92 658 657
f 107 108 674 673
f 478 479 1045 1044
f 228 229 795 794
f 444 445 1011 1010
f 263 264 830 829
f 56 57 623 622
f 353 354 920 919
f 205 206 772 771
f 551 552 1118 1117
f 363 364 930 929
f 277 278 844 843
f 443 444 1010 1009
f 473 474 1040 1039
f 204 205 771 770
f 267 268 834 833
f 515 516 1082 1081
f 501 502 1068 1067
f 138 139 705 704
f 98 1 567 664
f 65 66 632 631
f 446 447 1013 1012
f 486 487 1053 1052
f 539 540 1106 1105
f 175 176 742 741
f 325 326 892 891
f 160 161 727 726
f 83 84 650 649
f 468 469 1035 1034
f 453 454 1020 1019
f 400 401 967 966
f 417 418 984 983
f 260 261 827 826
f 521 522 1088 1087
f 297 298 864 863
f 8 9 575 574
f 386 387 953 952
f 564 565 1131 1130
f 85 86 652 651
f 136 137 703 702
f 411 412 978 977
f 270 271 837 836
f 447 448 1014 1013
f 525 526 1092 1091
f 296 297 863 862
f 23 24 590 589
f 422 423 989 988
f 310 311 877 876
f 509 510 1076 1075
f 359 360 926 925
f 73 74 640 639
f 100 101 667 666
f 528 529 1095 1094
f 30 31 597 596
f 257 258 824 823
f 207 208 774 773
f 495 496 1062 1061
f 427 428 994 993
f 394 395 961 960
f 507 508 1074 1073
f 524 525 1091 1090
f 113 114 680 679
f 15 16 582 581
f 12 13 579 578
f 449 450 1016 1015
f 117 118 684 683
f 211 212 778 777
f 282 283 849 848
f 308 309 875 874
f 89 90 656 655
f 532 533 1099 1098
f 34 35 601 600
f 103 104 670 669
f 145 146 712 711
f 541 542 1108 1107
f 99 100 666 665
f 126 127 693 692
f 206 207 773 772
f 233 234 800 799
f 187 188 754 753
f 373 374 940 939
f 303 304 870 869
f 249 250 816 815
f 132 133 699 698
f 185 186 752 751
f 81 82 648 647
f 556 557 1123 1122
f 172 173 739 738
f 253 254 820 819
f 324 325 891 890
f 554 555 1121 1120
f 183 184 750 749
f 452 453 1019 1018
f 150 151 717 716
f 346 347 913 912
f 313 314 880 879
f 27 28 594 593
f 332 333 899 898
f 146 99 665 712
f 71 72 638 637
f 329 330 896 895
f 16 17 583 582
f 371 372 938 937
f 372 373 939 938
f 397 398 964 963
f 162 163 729 728
f 245 246 812 811
f 221 222 788 787
f 483 484 1050 1049
f 317 318 884 883
f 88 89 655 654
f 84 85 651 650
f 165 166 732 731
f 338 339 905 904
f 87 88 654 653
f 500 501 1067 1066
f 198 199 765 764
f 54 55 621 620
f 299 300 866 865
f 28 29 595 594
f 173 174 740 739
f 236 237 803 802
f 385 386 952 951
f 290 291 857 856
f 336 337 903 902
f 514 515 1081 1080
f 116 117 683 682
f 431 432 998 997
f 341 342 908 907
f 316 317 883 882
f 519 520 1086 1085
f 171 172 738 737
f 216 217 783 782
f 120 121 687 686
f 543 544 1110 1109
f 51 52 618 617
f 293 294 860 859
f 287 288 854 853
f 232 233 799 798
f 20 21 587 586
f 272 273 839 838
f 222 223 789 788
f 415 416 982 981
f 494 495 1061 1060
f 542 543 1109 1108
f 122 123 689 688
f 214 215 781 780
f 238 239 805 804
f 217 218 784 783
f 102 103 669 668
f 234 235 801 800
f 357 358 924 923
f 467 468 1034 1033
f 157 158 724 723
f 315 316 882 881
f 108 109 675 674
f 434 435 1001 1000
f 192 193 759 758
f 208 209 775 774
f 154 155 721 720
f 59 60 626 625
f 526 527 1093 1092
f 109 110 676 675
f 255 256 822 821
f 3 4 570 569
f 463 464 1030 1029
f 319 320 886 885
f 50 51 617 616
f 347 348 914 913
f 210 211 777 776
f 300 301 867 866
f 510 511 1077 1076
f 194 147 713 760
f 62 63 629 628
f 244 245 811 810
f 266 267 833 832
f 268 269 835 834
f 271 272 838 837
f 479 480 1046 1045
f 430 431 997 996
f 60 61 627 626
f 370 371 937 936
f 497 498 1064 1063
f 292 293 859 858
f 345 346 912 911
f 398 399 965 964
f 70 71 637 636
f 215 216 782 781
f 49 50 616 615
f 195 196 762 761
f 121 122 688 687
f 125 126 692 691
f 442 443 1009 1008
f 166 167 733 732
f 223 224 790 789
f 128 129 695 694
f 508 509 1075 1074
f 562 563 1129 1128
f 340 341 907 906
f 518 519 1085 1084
f 48 49 615 614
f 22 23 589 588
f 498 499 1065 1064
f 44 45 611 610
f 164 165 731 730
f 43 44 610 609
f 474 475 1041 1040
f 33 34 600 599
f 147 148 714 713
f 389 390 956 955
f 459 460 1026 1025
f 547 548 1114 1113
f 426 427 993 992
f 182 183 749 748
f 555 556 1122 1121
f 13 14 580 579
f 42 43 609 608
f 456 457 1023 1022
f 9 10 576 575
f 368 369 935 934
f 461 462 1028 1027
f 424 425 991 990
f 381 382 948 947
f 356 357 923 922
f 458 459 1025 1024
f 201 202 768 767
f 158 159 725 724
f 104 105 671 670
f 530 531 1097 1096
f 419 420 986 985
f 110 111 677 676
f 423 424 990 989
f 487 488 1054 1053
f 273 274 840 839
f 304 305 871 870
f 557 558 1124 1123
f 466 467 1033 1032
f 361 362 928 927
f 227 228 794 793
f 106 107 673 672
f 348 349 915 914
f 256 257 823 822
f 535 536 1102 1101
f 57 58 624 623
f 327 328 894 893
f 388 389 955 954
f 295 296 862 861
f 464 465 1031 1030
f 550 551 1117 1116
f 190 191 757 756
f 92 93 659 658
f 538 539 1105 1104
f 298 299 865 864
f 513 514 1080 1079
f 169 170 736 735
f 561 562 1128 1127
f 281 282 848 847
f 517 518 1084 1083
f 243 244 810 809
f 259 260 826 825
f 181 182 748 747
f 237 238 804 803
f 462 463 1029 1028
f 323 324 890 889
f 93 94 660 659
f 105 106 672 671
f 213 214 780 779
f 199 200 766 765
f 153 154 720 719
f 536 537 1103 1102
f 425 426 992 991
f 351 352 918 917
f 179 180 746 745
f 545 546 1112 1111
f 111 112 678 677
f 407 408 974 973
f 279 280 846 845
f 161 162 728 727
f 482 483 1049 1048
f 382 383 949 948
f 37 38 604 603
f 176 177 743 742
f 188 189 755 754
f 131 132 698 697
f 14 15 581 580
f 432 433 999 998
f 143 144 710 709
f 306 307 873 872
f 68 69 635 634
f 149 150 716 715
f 177 178 744 743
f 504 505 1071 1070
f 202 203 769 768
f 288 289 855 854
f 72 73 639 638
f 156 157 723 722
f 19 20 586 585
f 2 3 569 568
f 355 356 922 921
f 401 402 968 967
f 18 19 585 584
f 489 490 1056 1055
f 94 95 661 660
f 168 169 735 734
f 379 380 946 945
f 553 554 1120 1119
f 90 91 657 656
f 476 477 1043 1042
f 251 252 818 817
f 544 545 1111 1110
f 7 8 574 573
f 31 32 598 597
f 460 461 1027 1026
f 170 171 737 736
f 506 195 761 1072
f 212 213 779 778
f 440 441 1007 1006
f 75 76 642 641
f 480 481 1047 1046
f 395 396 962 961
f 224 225 791 790
f 403 404 970 969
f 38 39 605 604
f 448 449 1015 1014
f 24 25 591 590
f 64 65 631 630
f 247 248 814 813
f 180 181 747 746
f 520 521 1087 1086
f 527 528 1094 1093
f 552 553 1119 1118
f 36 37 603 602
f 375 376 942 941
f 429 430 996 995
f 189 190 756 755
f 220 221 787 786
f 155 156 722 721
f 416 417 983 982
f 358 359 925 924
f 6 7 573 572
f 402 403 969 968
f 127 128 694 693
f 406 407 973 972
f 275 276 842 841
f 58 59 625 624
f 516 517 1083 1082
f 392 393 959 958
f 472 473 1039 1038
f 193 194 760 759
f 534 535 1101 1100
f 503 504 1070 1069
f 174 175 741 740
f 393 394 960 959
f 45 46 612 611
f 178 179 745 744
f 492 493 1059 1058
f 283 284 850 849
f 133 134 700 699
f 352 353 919 918
f 428 429 995 994
f 314 315 881 880
f 141 142 708 707
f 248 249 815 814
f 433 434 1000 999
f 511 512 1078 1077
f 412 413 979 978
f 344 345 911 910
f 451 452 1018 1017
f 413 414 980 979
